P 0
160.149307   159.053452
158.583799   157.923351
132.963285   132.615938
130.840065   130.468257
130.316598   129.842053
129.837161   129.000593
128.976132   128.315683
127.493792   127.131768
117.577278   116.951075
114.548998   114.250573
114.231005   113.184071
113.012844   112.670389
111.633240   111.305462
94.652372   94.329486
90.518453   90.180890
80.905256   80.254592
79.980628   79.491407
76.609894   76.247870
71.585592   70.988742
69.325390   68.987827
62.696443   62.398018
55.524460   54.912933
52.114588   51.835732
46.302640   45.862341
30.491010   30.231723
21.376819   21.063718
19.943401   19.512886
16.049200   15.408321
7.047530   6.528956
3.808886   3.177790
2.703246   2.409713
2.292300   1.690558
0.912696   0.521319
0.213110   -0.095100
