P 0
16.188181   16.026842
15.824864   15.536715
15.459102   15.263845
15.263540   15.072561
15.013893   14.803052
14.802136   14.652103
14.651797   14.501459
14.488625   14.284202
14.239284   14.033333
13.874133   13.637931
13.637625   13.388589
13.388284   13.184166
12.966603   12.760652
12.208495   11.945098
11.944792   11.713785
11.406997   11.247492
11.247186   11.006401
10.848118   10.640333
10.482050   10.273960
10.216208   10.004146
9.457183   9.248176
9.139395   8.910832
8.727187   8.520014
8.343702   8.027748
8.027442   7.851131
7.850825   7.681848
7.681542   7.501258
7.307835   7.079578
7.079272   6.832375
6.705871   6.435140
6.273802   6.065406
5.656865   5.449080
5.393773   5.224489
5.224184   5.064679
5.064373   4.861783
4.720612   4.359739
4.169677   4.007422
4.007116   3.849139
3.497739   3.254203
3.253897   2.945582
2.787299   2.580125
2.552319   2.395869
2.395564   2.233003
1.822017   1.511257
1.510952   1.376197
1.375892   1.233192
1.232887   1.079493
1.079187   0.822818
0.822512   0.627256
0.626950   0.359581
0.296329   0.089461
0.066543   -0.140325
-0.352998   -0.560477
-0.680259   -0.884071
-1.127301   -1.289862
-1.290168   -1.426756
-1.427061   -1.583511
-1.761044   -1.969440
-2.005191   -2.205337
-2.205642   -2.444289
-2.444594   -2.601655
-2.601961   -2.718075
-2.718381   -2.857413
-2.857719   -3.102477
-3.271760   -3.457544
-3.457850   -3.642411
