P 0
152.718037   151.969529
150.330638   149.782710
145.042156   144.357247
142.649865   142.351440
132.738243   132.136501
131.021077   129.988820
129.983928   129.073976
128.966347   128.697276
128.574970   127.953660
127.547606   127.019247
126.471319   125.947853
118.898175   118.594858
116.271057   115.987309
115.023543   114.749579
114.671304   114.338633
114.333741   114.054885
114.049993   113.384652
113.379760   113.169395
96.731562   96.418460
94.339270   94.040845
91.555602   91.164225
91.090841   90.792417
90.689680   90.337441
86.888431   86.477485
83.238841   82.915955
80.714460   80.083364
76.316361   76.013044
74.755745   74.432859
74.222494   73.904500
65.245285   64.829447
64.491884   64.168998
63.097604   62.412694
61.121150   60.852079
58.753320   58.415757
56.786650   56.483333
55.676118   54.966747
54.404143   54.017658
51.708534   51.375864
43.269468   42.814493
41.850727   41.283230
38.069047   37.731484
35.554450   35.197318
34.003619   33.343170
30.520364   30.217047
18.015870   17.629385
17.296714   16.949367
6.250100   5.736417
3.843131   3.202251
2.346114   1.494869
0.447936   -0.095100
