P 0
159.904697   159.611164
158.882224   158.544662
157.820614   157.483052
157.042753   156.734543
156.230645   155.917544
154.983131   154.591754
149.958829   149.665297
147.258328   146.955011
144.709486   144.420845
142.728140   142.136182
141.113710   140.805501
133.149189   132.748027
131.984842   131.632603
131.001508   130.522071
129.201174   128.775551
128.628785   128.173809
128.075965   127.811785
126.070158   125.747272
125.385248   125.023224
124.299177   124.020321
121.500832   121.251329
120.600665   120.140797
117.665338   116.941290
115.424704   115.160525
114.778932   114.465831
113.883658   113.198748
113.086227   112.782910
112.000156   111.667485
108.061925   107.802638
103.414324   103.130575
102.607109   102.323360
101.760756   101.364487
101.217720   100.880158
95.239437   94.945905
93.991923   93.419534
92.573182   92.309002
91.022351   90.723926
90.019447   89.667208
89.554687   89.251370
84.960900   84.652690
83.884613   83.561727
83.449206   83.170350
82.524578   81.639088
80.983531   80.689999
78.175402   77.891653
77.358402   77.035516
76.350606   76.066858
75.969014   75.636343
74.780206   74.325231
73.752842   73.469094
72.568927   72.294963
70.342970   70.098359
64.809878   64.511453
63.816759   63.537903
61.037983   60.744450
58.626122   58.357050
55.230927   54.159532
52.755468   52.476611
50.901319   50.632248
48.024698   47.731166
45.769389   45.480748
45.373120   44.781162
44.140282   43.342852
42.931906   42.662834
40.705949   40.397740
38.705034   38.416394
36.987868   36.709012
36.537785   36.229575
35.906689   35.481067
34.776588   34.483055
25.359080   24.542080
20.520682   20.163551
16.249781   15.951356
10.922162   10.633522
10.452510   10.129624
9.875229   9.581696
0.898019   0.604487
0.129942   -0.124453
