P 0
157.561327   157.213980
156.656268   156.005604
153.711156   153.393162
153.221935   152.820774
149.587021   149.249459
145.051941   144.787761
144.479552   144.132205
137.904419   137.591317
136.255743   135.580618
133.423153   133.158973
131.564112   131.270579
129.470245   129.191389
126.896942   126.608301
122.914681   122.616256
121.926454   121.564431
118.046930   117.724044
117.229931   116.931506
114.407124   114.049993
111.471797   110.874947
110.312343   109.979672
104.123694   103.795916
102.817474   102.538618
99.994667   99.657105
94.671941   94.397977
93.688606   93.429319
92.186697   91.932302
89.784621   89.520441
89.373675   89.060573
85.122343   84.750535
84.545062   83.874829
82.142986   81.829884
81.237926   80.939501
80.518771   80.244807
76.037505   75.122661
73.532692   73.229375
70.988742   70.680533
69.814611   69.310713
68.694295   68.151259
67.246200   66.928206
66.659134   66.346033
64.653327   64.340226
61.732677   61.483174
50.402314   50.123457
49.277105   49.017818
48.249740   47.941531
46.004215   45.715574
43.944594   43.337959
41.635470   41.337045
34.585792   34.028080
34.023188   33.142589
32.883302   32.178824
30.921525   30.300214
27.267043   26.601702
26.293492   25.985283
25.760241   25.222098
25.026409   24.757338
24.488266   23.607668
23.529393   22.683040
22.154681   21.812226
21.807334   21.254514
21.249622   20.956089
19.718359   19.434611
17.624493   17.345637
16.191074   15.917111
9.894798   9.224564
7.262787   7.003500
4.004574   3.686580
3.539814   3.241389
3.060377   2.228701
1.905815   1.622067
1.245367   0.893127
0.472397   -0.085315
