P 0
160.041679   159.601379
159.405691   156.724759
156.411657   156.078987
153.285534   152.840342
150.086027   149.812063
149.352195   149.107585
148.540088   148.266124
146.681047   146.372838
145.560731   145.276983
143.784858   143.437511
142.405254   142.141075
140.154836   139.827058
137.777221   137.469012
134.695128   134.406487
133.188326   132.904578
130.013281   129.724640
127.606312   127.322564
121.026287   120.674048
120.008707   119.133001
118.986235   118.692702
118.487229   118.218157
115.630177   115.317076
114.407124   114.133160
109.749738   109.456206
109.314331   109.035475
108.370135   107.944512
105.728340   105.464161
103.756779   103.487707
96.863652   96.550550
95.792257   95.528078
95.136701   94.676833
94.471360   94.182720
94.079983   93.713067
93.086864   92.803116
92.348140   91.741506
91.232716   90.953860
89.026328   88.737687
84.222176   83.909074
82.827895   82.558824
81.981543   81.702686
81.164543   80.895471
80.127394   79.853430
79.638173   79.349532
62.226790   61.806060
61.360869   61.077120
60.925462   60.328612
60.044864   59.785576
58.611445   58.332589
56.595854   56.312106
48.831913   48.533489
46.483652   46.190119
42.129583   41.840942
40.754871   40.480907
40.118884   39.840028
35.950719   35.402791
35.397899   35.207103
34.282475   34.003619
33.294248   32.394081
31.758093   31.454776
31.239519   30.945986
30.627992   30.349136
30.182801   29.590843
27.956845   27.594821
27.183875   26.900127
25.681966   25.383541
25.065547   24.556757
21.738843   21.420849
19.522671   19.209569
17.761475   17.472834
17.257577   16.959152
8.808726   8.549439
8.109140   7.683518
7.502506   6.954578
5.335256   4.978124
4.753083   4.474227
